
Episode 0
block

AUC:
 0.9602079156944582

FPR:
 [0.         0.         0.         0.00113379 0.00113379 0.00226757
 0.00226757 0.00566893 0.00566893 0.03741497 0.03741497 0.04195011
 0.04195011 0.0430839  0.0430839  0.06235828 0.06235828 0.06462585
 0.06462585 0.06802721 0.06802721 0.07142857 0.07142857 0.07482993
 0.07482993 0.07936508 0.07936508 0.09070295 0.09070295 0.09410431
 0.09410431 0.10090703 0.10090703 0.10430839 0.10430839 0.10770975
 0.10770975 0.13151927 0.13151927 0.13718821 0.13718821 0.138322
 0.138322   0.14512472 0.14512472 0.15079365 0.15079365 0.1553288
 0.1553288  0.15873016 0.15873016 0.16099773 0.16099773 0.17573696
 0.17573696 0.18594104 0.18594104 0.19160998 0.19160998 0.28344671
 0.28344671 0.28798186 0.28798186 0.31519274 0.31519274 0.3185941
 0.3185941  0.33446712 0.33446712 0.33900227 0.33900227 0.34353741
 0.34353741 0.35034014 0.35034014 0.38548753 0.38548753 0.51473923
 0.51473923 0.5260771  0.5260771  0.59863946 0.59863946 0.60657596
 0.60657596 1.        ]

TPR:
 [0.         0.00483092 0.77777778 0.77777778 0.7826087  0.7826087
 0.78743961 0.78743961 0.80193237 0.80193237 0.80676329 0.80676329
 0.8115942  0.8115942  0.81642512 0.81642512 0.82125604 0.82125604
 0.83091787 0.83091787 0.83574879 0.83574879 0.84541063 0.84541063
 0.85024155 0.85024155 0.85507246 0.85507246 0.85990338 0.85990338
 0.8647343  0.8647343  0.86956522 0.86956522 0.87922705 0.87922705
 0.88405797 0.88405797 0.88888889 0.88888889 0.89371981 0.89371981
 0.89855072 0.89855072 0.90338164 0.90338164 0.90821256 0.90821256
 0.91304348 0.91304348 0.9178744  0.9178744  0.92270531 0.92270531
 0.92753623 0.92753623 0.93236715 0.93236715 0.93719807 0.93719807
 0.94202899 0.94202899 0.9468599  0.9468599  0.95169082 0.95169082
 0.95652174 0.95652174 0.96135266 0.96135266 0.96618357 0.96618357
 0.97101449 0.97101449 0.97584541 0.97584541 0.98067633 0.98067633
 0.98550725 0.98550725 0.99033816 0.99033816 0.99516908 0.99516908
 1.         1.        ]

Episode 1
flicker

AUC:
 0.49603174603174605

FPR:
 [0. 0. 0. 0. 0. 0. 0. 1. 1.]

TPR:
 [0.         0.00396825 0.15079365 0.16666667 0.34920635 0.35714286
 0.49603175 0.49603175 1.        ]

Episode 2
freeze

AUC:
 0.04991961158866601

FPR:
 [0.00000000e+00 9.55109838e-04 3.24737345e-02 3.24737345e-02
 5.73065903e-02 5.73065903e-02 6.49474690e-02 6.49474690e-02
 6.68576886e-02 6.68576886e-02 7.44985673e-02 7.44985673e-02
 8.11843362e-02 8.11843362e-02 1.01241643e-01 1.01241643e-01
 1.42311366e-01 1.42311366e-01 1.60458453e-01 1.60458453e-01
 2.28271251e-01 2.28271251e-01 2.55014327e-01 2.55014327e-01
 2.63610315e-01 2.63610315e-01 2.71251194e-01 2.71251194e-01
 2.96084050e-01 2.96084050e-01 3.09455587e-01 3.09455587e-01
 3.19961796e-01 3.19961796e-01 3.22827125e-01 3.22827125e-01
 3.30468004e-01 3.30468004e-01 3.47659981e-01 3.47659981e-01
 3.51480420e-01 3.51480420e-01 3.54345750e-01 3.54345750e-01
 3.72492837e-01 3.72492837e-01 3.74403056e-01 3.74403056e-01
 3.82999045e-01 3.82999045e-01 3.99235912e-01 3.99235912e-01
 4.08787011e-01 4.08787011e-01 4.38395415e-01 4.38395415e-01
 4.81375358e-01 4.81375358e-01 5.10028653e-01 5.10028653e-01
 6.00764088e-01 6.00764088e-01 6.07449857e-01 6.07449857e-01
 6.19866285e-01 6.19866285e-01 6.51384909e-01 6.51384909e-01
 6.63801337e-01 6.63801337e-01 7.14422159e-01 7.14422159e-01
 7.31614136e-01 7.31614136e-01 7.58357211e-01 7.58357211e-01
 7.65042980e-01 7.65042980e-01 7.71728749e-01 7.71728749e-01
 7.75549188e-01 7.75549188e-01 7.82234957e-01 7.82234957e-01
 8.02292264e-01 8.02292264e-01 8.42406877e-01 8.42406877e-01
 8.67239733e-01 8.67239733e-01 8.81566380e-01 8.81566380e-01
 9.08309456e-01 9.08309456e-01 9.18815664e-01 9.18815664e-01
 9.86628462e-01 9.86628462e-01 9.95224451e-01 1.00000000e+00]

TPR:
 [0.         0.         0.         0.00166667 0.00166667 0.00333333
 0.00333333 0.005      0.005      0.00666667 0.00666667 0.00833333
 0.00833333 0.01       0.01       0.01166667 0.01166667 0.01333333
 0.01333333 0.015      0.015      0.01666667 0.01666667 0.01833333
 0.01833333 0.02166667 0.02166667 0.02333333 0.02333333 0.025
 0.025      0.02666667 0.02666667 0.02833333 0.02833333 0.03
 0.03       0.03166667 0.03166667 0.03333333 0.03333333 0.035
 0.035      0.03666667 0.03666667 0.03833333 0.03833333 0.04
 0.04       0.04166667 0.04166667 0.04666667 0.04666667 0.04833333
 0.04833333 0.05       0.05       0.05166667 0.05166667 0.055
 0.055      0.05666667 0.05666667 0.05833333 0.05833333 0.06
 0.06       0.06166667 0.06166667 0.06333333 0.06333333 0.06666667
 0.06666667 0.06833333 0.06833333 0.07       0.07       0.07166667
 0.07166667 0.075      0.075      0.07666667 0.07666667 0.07833333
 0.07833333 0.08       0.08       0.08333333 0.08333333 0.085
 0.085      0.08666667 0.08666667 0.08833333 0.08833333 0.09
 0.09       0.09166667 0.09166667 1.        ]

Episode 3
freeze_skip

AUC:
 0.09701639849399621

FPR:
 [0.00000000e+00 0.00000000e+00 0.00000000e+00 9.53288847e-04
 9.53288847e-04 1.90657769e-03 1.90657769e-03 1.33460439e-02
 1.33460439e-02 1.42993327e-02 1.42993327e-02 2.66920877e-02
 2.66920877e-02 4.95710200e-02 4.95710200e-02 5.62440419e-02
 5.62440419e-02 6.29170639e-02 6.29170639e-02 6.95900858e-02
 6.95900858e-02 1.11534795e-01 1.11534795e-01 1.13441373e-01
 1.13441373e-01 1.34413727e-01 1.34413727e-01 1.41086749e-01
 1.41086749e-01 2.57387989e-01 2.57387989e-01 2.87893232e-01
 2.87893232e-01 3.06005720e-01 3.06005720e-01 3.24118208e-01
 3.24118208e-01 3.95614871e-01 3.95614871e-01 4.54718780e-01
 4.54718780e-01 5.15729266e-01 5.15729266e-01 5.46234509e-01
 5.46234509e-01 5.50047664e-01 5.50047664e-01 5.71020019e-01
 5.71020019e-01 6.15824595e-01 6.15824595e-01 6.36796949e-01
 6.36796949e-01 7.35938990e-01 7.35938990e-01 7.49285033e-01
 7.49285033e-01 9.99046711e-01 1.00000000e+00]

TPR:
 [0.         0.00252525 0.03787879 0.03787879 0.04545455 0.04545455
 0.0530303  0.0530303  0.05555556 0.05555556 0.05808081 0.05808081
 0.06060606 0.06060606 0.06313131 0.06313131 0.06565657 0.06565657
 0.06818182 0.06818182 0.07070707 0.07070707 0.07323232 0.07323232
 0.07575758 0.07575758 0.07828283 0.07828283 0.08080808 0.08080808
 0.08333333 0.08333333 0.08585859 0.08585859 0.08838384 0.08838384
 0.09090909 0.09090909 0.09343434 0.09343434 0.0959596  0.0959596
 0.09848485 0.09848485 0.1010101  0.1010101  0.10353535 0.10353535
 0.10606061 0.10606061 0.10858586 0.10858586 0.11111111 0.11111111
 0.11363636 0.11363636 0.11616162 0.11616162 1.        ]

Episode 4
split_horizontal

AUC:
 0.9484573691890766

FPR:
 [0.         0.         0.         0.00271003 0.00271003 0.02439024
 0.02439024 0.05826558 0.05826558 0.08130081 0.08130081 0.10433604
 0.10433604 0.12601626 0.12601626 0.12872629 0.12872629 0.14092141
 0.14092141 0.1504065  0.1504065  0.15853659 0.15853659 0.25203252
 0.25203252 0.32791328 0.32791328 0.47154472 0.47154472 0.55691057
 0.55691057 0.59756098 0.59756098 0.72222222 0.72222222 0.99728997
 1.        ]

TPR:
 [0.         0.01282051 0.76923077 0.76923077 0.78205128 0.78205128
 0.79487179 0.79487179 0.83333333 0.83333333 0.84615385 0.84615385
 0.85897436 0.85897436 0.87179487 0.87179487 0.88461538 0.88461538
 0.8974359  0.8974359  0.91025641 0.91025641 0.92307692 0.92307692
 0.93589744 0.93589744 0.94871795 0.94871795 0.96153846 0.96153846
 0.97435897 0.97435897 0.98717949 0.98717949 1.         1.
 1.        ]


AUCs

{'block': 0.9602079156944582,
 'flicker': 0.49603174603174605,
 'freeze': 0.04991961158866601,
 'freeze_skip': 0.09701639849399621,
 'split_horizontal': 0.9484573691890766}
