
Episode 0
block

Avg Precision Score:
 0.9958380327478584

Precision:
 [0.19008264 0.19025735 0.19043238 ... 1.         1.         1.        ]

Recall:
 [1.         1.         1.         ... 0.00966184 0.00483092 0.        ]

Episode 1
flicker

Avg Precision Score:
 0.5866166247763965

Precision:
 [0.17974322 0.09803922 0.09811617 ... 1.         1.         1.        ]

Recall:
 [1.         0.49603175 0.49603175 ... 0.00793651 0.00396825 0.        ]

Episode 2
freeze

Avg Precision Score:
 0.3355087773342571

Precision:
 [0.36429872 0.05013674 0.05018248 ... 0.         0.         1.        ]

Recall:
 [1.         0.09166667 0.09166667 ... 0.         0.         0.        ]

Episode 3
freeze_skip

Avg Precision Score:
 0.33274018666044913

Precision:
 [0.27404844 0.04204753 0.042086   ... 1.         1.         1.        ]

Recall:
 [1.         0.11616162 0.11616162 ... 0.00505051 0.00252525 0.        ]

Episode 4
split_horizontal

Avg Precision Score:
 0.9745959805202132

Precision:
 [0.09558824 0.0958231  0.09594096 0.09605911 0.09617756 0.0962963
 0.09641533 0.09653465 0.09665428 0.09677419 0.09689441 0.09701493
 0.09713574 0.09725686 0.09737828 0.0975     0.09762203 0.09774436
 0.097867   0.09798995 0.09811321 0.09823678 0.09836066 0.09848485
 0.09860936 0.09873418 0.09885932 0.09898477 0.09911055 0.09923664
 0.09936306 0.0994898  0.09961686 0.09974425 0.09987196 0.1
 0.10012837 0.10025707 0.1003861  0.10051546 0.10064516 0.10077519
 0.10090556 0.10103627 0.10116732 0.1012987  0.10143043 0.1015625
 0.10169492 0.10182768 0.10196078 0.10209424 0.10222805 0.1023622
 0.10249671 0.10263158 0.1027668  0.10290237 0.10303831 0.1031746
 0.10331126 0.10344828 0.10358566 0.1037234  0.10386152 0.104
 0.10413885 0.10427807 0.10441767 0.10455764 0.10469799 0.10483871
 0.10497981 0.10512129 0.10526316 0.10540541 0.10554804 0.10569106
 0.10583446 0.10597826 0.10612245 0.10626703 0.10641201 0.10655738
 0.10670315 0.10684932 0.10699588 0.10714286 0.10729023 0.10743802
 0.10758621 0.10773481 0.10788382 0.10803324 0.10818308 0.10833333
 0.10848401 0.1086351  0.10878661 0.10893855 0.10909091 0.1092437
 0.10939691 0.10955056 0.10970464 0.10985915 0.1100141  0.11016949
 0.11032532 0.11048159 0.1106383  0.11079545 0.11095306 0.11111111
 0.11126961 0.11142857 0.11158798 0.11174785 0.11190818 0.11206897
 0.11223022 0.11239193 0.11255411 0.11271676 0.11287988 0.11304348
 0.11320755 0.11337209 0.11353712 0.11370262 0.11386861 0.11403509
 0.11420205 0.1143695  0.11453744 0.11470588 0.11487482 0.11504425
 0.11521418 0.11538462 0.11555556 0.115727   0.11589896 0.11607143
 0.11624441 0.11641791 0.11659193 0.11676647 0.11694153 0.11711712
 0.11729323 0.11746988 0.11764706 0.11782477 0.11800303 0.11818182
 0.11836115 0.11854103 0.11872146 0.11890244 0.11908397 0.11926606
 0.1194487  0.1196319  0.11981567 0.12       0.1201849  0.12037037
 0.12055641 0.12074303 0.12093023 0.12111801 0.12130638 0.12149533
 0.12168487 0.121875   0.12206573 0.12225705 0.12244898 0.12264151
 0.12283465 0.12302839 0.12322275 0.12341772 0.12361331 0.12380952
 0.12400636 0.12420382 0.12440191 0.12460064 0.1248     0.125
 0.12520064 0.12540193 0.12560386 0.12580645 0.12600969 0.12621359
 0.12641815 0.12662338 0.12682927 0.12703583 0.12724307 0.12745098
 0.12765957 0.12786885 0.12807882 0.12828947 0.12850082 0.12871287
 0.12892562 0.12913907 0.12935323 0.12956811 0.12978369 0.13
 0.13021703 0.13043478 0.13065327 0.13087248 0.13109244 0.13131313
 0.13153457 0.13175676 0.1319797  0.13220339 0.13242784 0.13265306
 0.13287905 0.1331058  0.13333333 0.13356164 0.13379074 0.13402062
 0.13425129 0.13448276 0.13471503 0.1349481  0.13518198 0.13541667
 0.13565217 0.1358885  0.13612565 0.13636364 0.13660245 0.13684211
 0.1370826  0.13732394 0.13756614 0.13780919 0.1380531  0.13829787
 0.13854352 0.13879004 0.13903743 0.13928571 0.13953488 0.13978495
 0.14003591 0.14028777 0.14054054 0.14079422 0.14104882 0.14130435
 0.1415608  0.14181818 0.1420765  0.14233577 0.14259598 0.14285714
 0.14311927 0.14338235 0.14364641 0.14391144 0.14417745 0.14444444
 0.14471243 0.14498141 0.1452514  0.14552239 0.14579439 0.14606742
 0.14634146 0.14661654 0.14689266 0.14716981 0.14744802 0.14772727
 0.14800759 0.14828897 0.14857143 0.14885496 0.14913958 0.14942529
 0.14971209 0.15       0.15028902 0.15057915 0.15087041 0.15116279
 0.15145631 0.15175097 0.15204678 0.15234375 0.15264188 0.15294118
 0.15324165 0.15354331 0.15384615 0.1541502  0.15445545 0.1547619
 0.15506958 0.15537849 0.15568862 0.156      0.15631263 0.15662651
 0.15694165 0.15725806 0.15757576 0.15789474 0.15821501 0.15853659
 0.15885947 0.15918367 0.1595092  0.15983607 0.16016427 0.16049383
 0.16082474 0.16115702 0.16149068 0.16182573 0.16216216 0.1625
 0.16283925 0.16317992 0.16352201 0.16386555 0.16421053 0.16455696
 0.16490486 0.16525424 0.1656051  0.16595745 0.1663113  0.16666667
 0.16702355 0.16738197 0.16774194 0.16810345 0.16846652 0.16883117
 0.1691974  0.16956522 0.16993464 0.17030568 0.17067834 0.17105263
 0.17142857 0.17180617 0.17218543 0.17256637 0.172949   0.17333333
 0.17371938 0.17410714 0.17449664 0.17488789 0.1752809  0.17567568
 0.17607223 0.17647059 0.17687075 0.17727273 0.17767654 0.17808219
 0.1784897  0.17889908 0.17931034 0.1797235  0.18013857 0.18055556
 0.18097448 0.18139535 0.18181818 0.18224299 0.18266979 0.18309859
 0.18352941 0.18396226 0.18439716 0.18483412 0.18527316 0.18571429
 0.18615752 0.18660287 0.18705036 0.1875     0.18795181 0.1884058
 0.18886199 0.18932039 0.18978102 0.1902439  0.19070905 0.19117647
 0.19164619 0.19211823 0.19259259 0.19306931 0.19354839 0.19402985
 0.19451372 0.195      0.19548872 0.1959799  0.19647355 0.1969697
 0.19746835 0.19796954 0.19847328 0.19897959 0.19948849 0.2
 0.20051414 0.20103093 0.20155039 0.20207254 0.2025974  0.203125
 0.20365535 0.20418848 0.20472441 0.20526316 0.20580475 0.20634921
 0.20689655 0.20744681 0.208      0.20855615 0.20911528 0.20967742
 0.21024259 0.21081081 0.21138211 0.21195652 0.21253406 0.21311475
 0.21369863 0.21428571 0.21487603 0.21546961 0.21606648 0.21666667
 0.21727019 0.21787709 0.21848739 0.21910112 0.21971831 0.22033898
 0.22096317 0.22159091 0.22222222 0.22285714 0.2234957  0.22413793
 0.22478386 0.22543353 0.22608696 0.22674419 0.22740525 0.22807018
 0.228739   0.22941176 0.2300885  0.23076923 0.23145401 0.23214286
 0.23283582 0.23353293 0.23423423 0.23493976 0.23564955 0.23636364
 0.23708207 0.23780488 0.23853211 0.2392638  0.24       0.24074074
 0.24148607 0.24223602 0.24299065 0.24375    0.24451411 0.24528302
 0.24605678 0.24683544 0.24761905 0.24840764 0.24920128 0.25
 0.25080386 0.2516129  0.25242718 0.25324675 0.25407166 0.25490196
 0.2557377  0.25657895 0.25742574 0.25827815 0.25913621 0.26
 0.26086957 0.26174497 0.26262626 0.26351351 0.26440678 0.26530612
 0.2662116  0.26712329 0.26804124 0.26896552 0.26989619 0.27083333
 0.271777   0.27272727 0.27368421 0.27464789 0.27561837 0.27659574
 0.27758007 0.27857143 0.27956989 0.28057554 0.28158845 0.2826087
 0.28363636 0.28467153 0.28571429 0.28676471 0.28782288 0.28888889
 0.28996283 0.29104478 0.29213483 0.29323308 0.29433962 0.29545455
 0.29657795 0.29770992 0.29885057 0.3        0.3011583  0.30232558
 0.30350195 0.3046875  0.30588235 0.30708661 0.3083004  0.30952381
 0.31075697 0.312      0.31325301 0.31451613 0.31578947 0.31707317
 0.31836735 0.31967213 0.32098765 0.32231405 0.32365145 0.325
 0.32635983 0.32773109 0.32911392 0.33050847 0.33191489 0.33333333
 0.33476395 0.3362069  0.33766234 0.33913043 0.34061135 0.34210526
 0.34361233 0.34513274 0.34666667 0.34821429 0.34977578 0.35135135
 0.35294118 0.35454545 0.35616438 0.35779817 0.359447   0.36111111
 0.3627907  0.36448598 0.36619718 0.36792453 0.36966825 0.37142857
 0.37320574 0.375      0.37681159 0.37864078 0.3804878  0.38235294
 0.38423645 0.38613861 0.3880597  0.39       0.3919598  0.39393939
 0.39593909 0.39795918 0.4        0.40206186 0.40414508 0.40625
 0.40837696 0.41052632 0.41269841 0.41489362 0.4171123  0.41935484
 0.42162162 0.42391304 0.42622951 0.42857143 0.43093923 0.43333333
 0.43575419 0.43820225 0.44067797 0.44318182 0.44571429 0.44827586
 0.45086705 0.45348837 0.45614035 0.45882353 0.46153846 0.46428571
 0.46706587 0.46987952 0.47272727 0.47560976 0.47852761 0.48148148
 0.48447205 0.4875     0.49056604 0.49367089 0.49681529 0.5
 0.50322581 0.50649351 0.50980392 0.51315789 0.51655629 0.52
 0.52348993 0.52702703 0.53061224 0.53424658 0.53793103 0.54166667
 0.54545455 0.54929577 0.55319149 0.55714286 0.56115108 0.56521739
 0.56934307 0.57352941 0.57777778 0.58208955 0.58646617 0.59090909
 0.59541985 0.6        0.60465116 0.6015625  0.60629921 0.61111111
 0.616      0.62096774 0.62601626 0.63114754 0.63636364 0.64166667
 0.64705882 0.65254237 0.65811966 0.6637931  0.66956522 0.6754386
 0.68141593 0.6875     0.68468468 0.69090909 0.69724771 0.7037037
 0.71028037 0.71698113 0.72380952 0.73076923 0.73786408 0.74509804
 0.75247525 0.76       0.76767677 0.7755102  0.78350515 0.79166667
 0.8        0.80851064 0.8172043  0.82608696 0.83516484 0.84444444
 0.84269663 0.85227273 0.85057471 0.84883721 0.85882353 0.86904762
 0.87951807 0.87804878 0.88888889 0.8875     0.88607595 0.8974359
 0.90909091 0.90789474 0.90666667 0.91891892 0.91780822 0.91666667
 0.92957746 0.92857143 0.94202899 0.95588235 0.97014925 0.96969697
 0.96923077 0.984375   1.         1.         1.         1.
 1.         1.         1.         1.         1.         1.
 1.         1.         1.         1.         1.         1.
 1.         1.         1.         1.         1.         1.
 1.         1.         1.         1.         1.         1.
 1.         1.         1.         1.         1.         1.
 1.         1.         1.         1.         1.         1.
 1.         1.         1.         1.         1.         1.
 1.         1.         1.         1.         1.         1.
 1.         1.         1.         1.         1.         1.
 1.         1.         1.         1.         1.         1.        ]

Recall:
 [1.         1.         1.         1.         1.         1.
 1.         1.         1.         1.         1.         1.
 1.         1.         1.         1.         1.         1.
 1.         1.         1.         1.         1.         1.
 1.         1.         1.         1.         1.         1.
 1.         1.         1.         1.         1.         1.
 1.         1.         1.         1.         1.         1.
 1.         1.         1.         1.         1.         1.
 1.         1.         1.         1.         1.         1.
 1.         1.         1.         1.         1.         1.
 1.         1.         1.         1.         1.         1.
 1.         1.         1.         1.         1.         1.
 1.         1.         1.         1.         1.         1.
 1.         1.         1.         1.         1.         1.
 1.         1.         1.         1.         1.         1.
 1.         1.         1.         1.         1.         1.
 1.         1.         1.         1.         1.         1.
 1.         1.         1.         1.         1.         1.
 1.         1.         1.         1.         1.         1.
 1.         1.         1.         1.         1.         1.
 1.         1.         1.         1.         1.         1.
 1.         1.         1.         1.         1.         1.
 1.         1.         1.         1.         1.         1.
 1.         1.         1.         1.         1.         1.
 1.         1.         1.         1.         1.         1.
 1.         1.         1.         1.         1.         1.
 1.         1.         1.         1.         1.         1.
 1.         1.         1.         1.         1.         1.
 1.         1.         1.         1.         1.         1.
 1.         1.         1.         1.         1.         1.
 1.         1.         1.         1.         1.         1.
 1.         1.         1.         1.         1.         1.
 1.         1.         1.         1.         1.         1.
 1.         1.         1.         1.         1.         1.
 1.         1.         1.         1.         1.         1.
 1.         1.         1.         1.         1.         1.
 1.         1.         1.         1.         1.         1.
 1.         1.         1.         1.         1.         1.
 1.         1.         1.         1.         1.         1.
 1.         1.         1.         1.         1.         1.
 1.         1.         1.         1.         1.         1.
 1.         1.         1.         1.         1.         1.
 1.         1.         1.         1.         1.         1.
 1.         1.         1.         1.         1.         1.
 1.         1.         1.         1.         1.         1.
 1.         1.         1.         1.         1.         1.
 1.         1.         1.         1.         1.         1.
 1.         1.         1.         1.         1.         1.
 1.         1.         1.         1.         1.         1.
 1.         1.         1.         1.         1.         1.
 1.         1.         1.         1.         1.         1.
 1.         1.         1.         1.         1.         1.
 1.         1.         1.         1.         1.         1.
 1.         1.         1.         1.         1.         1.
 1.         1.         1.         1.         1.         1.
 1.         1.         1.         1.         1.         1.
 1.         1.         1.         1.         1.         1.
 1.         1.         1.         1.         1.         1.
 1.         1.         1.         1.         1.         1.
 1.         1.         1.         1.         1.         1.
 1.         1.         1.         1.         1.         1.
 1.         1.         1.         1.         1.         1.
 1.         1.         1.         1.         1.         1.
 1.         1.         1.         1.         1.         1.
 1.         1.         1.         1.         1.         1.
 1.         1.         1.         1.         1.         1.
 1.         1.         1.         1.         1.         1.
 1.         1.         1.         1.         1.         1.
 1.         1.         1.         1.         1.         1.
 1.         1.         1.         1.         1.         1.
 1.         1.         1.         1.         1.         1.
 1.         1.         1.         1.         1.         1.
 1.         1.         1.         1.         1.         1.
 1.         1.         1.         1.         1.         1.
 1.         1.         1.         1.         1.         1.
 1.         1.         1.         1.         1.         1.
 1.         1.         1.         1.         1.         1.
 1.         1.         1.         1.         1.         1.
 1.         1.         1.         1.         1.         1.
 1.         1.         1.         1.         1.         1.
 1.         1.         1.         1.         1.         1.
 1.         1.         1.         1.         1.         1.
 1.         1.         1.         1.         1.         1.
 1.         1.         1.         1.         1.         1.
 1.         1.         1.         1.         1.         1.
 1.         1.         1.         1.         1.         1.
 1.         1.         1.         1.         1.         1.
 1.         1.         1.         1.         1.         1.
 1.         1.         1.         1.         1.         1.
 1.         1.         1.         1.         1.         1.
 1.         1.         1.         1.         1.         1.
 1.         1.         1.         1.         1.         1.
 1.         1.         1.         1.         1.         1.
 1.         1.         1.         1.         1.         1.
 1.         1.         1.         1.         1.         1.
 1.         1.         1.         1.         1.         1.
 1.         1.         1.         1.         1.         1.
 1.         1.         1.         1.         1.         1.
 1.         1.         1.         1.         1.         1.
 1.         1.         1.         1.         1.         1.
 1.         1.         1.         1.         1.         1.
 1.         1.         1.         1.         1.         1.
 1.         1.         1.         1.         1.         1.
 1.         1.         1.         1.         1.         1.
 1.         1.         1.         1.         1.         1.
 1.         1.         1.         1.         1.         1.
 1.         1.         1.         1.         1.         1.
 1.         1.         1.         1.         1.         1.
 1.         1.         1.         1.         1.         1.
 1.         1.         1.         1.         1.         1.
 1.         1.         1.         1.         1.         1.
 1.         1.         1.         1.         1.         1.
 1.         1.         1.         1.         1.         1.
 1.         1.         1.         1.         1.         1.
 1.         1.         1.         0.98717949 0.98717949 0.98717949
 0.98717949 0.98717949 0.98717949 0.98717949 0.98717949 0.98717949
 0.98717949 0.98717949 0.98717949 0.98717949 0.98717949 0.98717949
 0.98717949 0.98717949 0.97435897 0.97435897 0.97435897 0.97435897
 0.97435897 0.97435897 0.97435897 0.97435897 0.97435897 0.97435897
 0.97435897 0.97435897 0.97435897 0.97435897 0.97435897 0.97435897
 0.97435897 0.97435897 0.97435897 0.97435897 0.97435897 0.97435897
 0.96153846 0.96153846 0.94871795 0.93589744 0.93589744 0.93589744
 0.93589744 0.92307692 0.92307692 0.91025641 0.8974359  0.8974359
 0.8974359  0.88461538 0.87179487 0.87179487 0.85897436 0.84615385
 0.84615385 0.83333333 0.83333333 0.83333333 0.83333333 0.82051282
 0.80769231 0.80769231 0.80769231 0.79487179 0.78205128 0.76923077
 0.75641026 0.74358974 0.73076923 0.71794872 0.70512821 0.69230769
 0.67948718 0.66666667 0.65384615 0.64102564 0.62820513 0.61538462
 0.6025641  0.58974359 0.57692308 0.56410256 0.55128205 0.53846154
 0.52564103 0.51282051 0.5        0.48717949 0.47435897 0.46153846
 0.44871795 0.43589744 0.42307692 0.41025641 0.3974359  0.38461538
 0.37179487 0.35897436 0.34615385 0.33333333 0.32051282 0.30769231
 0.29487179 0.28205128 0.26923077 0.25641026 0.24358974 0.23076923
 0.21794872 0.20512821 0.19230769 0.17948718 0.16666667 0.15384615
 0.14102564 0.12820513 0.11538462 0.1025641  0.08974359 0.07692308
 0.06410256 0.05128205 0.03846154 0.02564103 0.01282051 0.        ]


Average Precision Scores

{'block': 0.9958380327478584,
 'flicker': 0.5866166247763965,
 'freeze': 0.3355087773342571,
 'freeze_skip': 0.33274018666044913,
 'split_horizontal': 0.9745959805202132}
