
Episode 0
block

Avg Precision Score:
 0.9155208946093999

Precision:
 [0.19008264 0.19025735 0.19043238 ... 1.         1.         1.        ]

Recall:
 [1.         1.         1.         ... 0.00966184 0.00483092 0.        ]

Episode 1
flicker

Avg Precision Score:
 0.5866166247763965

Precision:
 [0.17974322 0.09803922 0.09811617 ... 1.         1.         1.        ]

Recall:
 [1.         0.49603175 0.49603175 ... 0.00793651 0.00396825 0.        ]

Episode 2
freeze

Avg Precision Score:
 0.3356803293111978

Precision:
 [0.36429872 0.05013674 0.05018248 ... 0.         0.         1.        ]

Recall:
 [1.         0.09166667 0.09166667 ... 0.         0.         0.        ]

Episode 3
freeze_skip

Avg Precision Score:
 0.3059837993465002

Precision:
 [0.27404844 0.04204753 0.042086   ... 1.         1.         1.        ]

Recall:
 [1.         0.11616162 0.11616162 ... 0.00505051 0.00252525 0.        ]

Episode 4
split_horizontal

Avg Precision Score:
 0.867548946697728

Precision:
 [0.09558824 0.0958231  0.09594096 0.09605911 0.09617756 0.0962963
 0.09641533 0.09653465 0.09665428 0.09677419 0.09689441 0.09701493
 0.09713574 0.09725686 0.09737828 0.0975     0.09762203 0.09774436
 0.097867   0.09798995 0.09811321 0.09823678 0.09836066 0.09848485
 0.09860936 0.09873418 0.09885932 0.09898477 0.09911055 0.09923664
 0.09936306 0.0994898  0.09961686 0.09974425 0.09987196 0.1
 0.10012837 0.10025707 0.1003861  0.10051546 0.10064516 0.10077519
 0.10090556 0.10103627 0.10116732 0.1012987  0.10143043 0.1015625
 0.10169492 0.10182768 0.10196078 0.10209424 0.10222805 0.1023622
 0.10249671 0.10263158 0.1027668  0.10290237 0.10303831 0.1031746
 0.10331126 0.10344828 0.10358566 0.1037234  0.10386152 0.104
 0.10413885 0.10427807 0.10441767 0.10455764 0.10469799 0.10483871
 0.10497981 0.10512129 0.10526316 0.10540541 0.10554804 0.10569106
 0.10583446 0.10597826 0.10612245 0.10626703 0.10641201 0.10655738
 0.10670315 0.10684932 0.10699588 0.10714286 0.10729023 0.10743802
 0.10758621 0.10773481 0.10788382 0.10803324 0.10818308 0.10833333
 0.10848401 0.1086351  0.10878661 0.10893855 0.10909091 0.1092437
 0.10939691 0.10955056 0.10970464 0.10985915 0.1100141  0.11016949
 0.11032532 0.11048159 0.1106383  0.11079545 0.11095306 0.11111111
 0.11126961 0.11142857 0.11158798 0.11174785 0.11190818 0.11206897
 0.11223022 0.11239193 0.11255411 0.11271676 0.11287988 0.11304348
 0.11320755 0.11337209 0.11353712 0.11370262 0.11386861 0.11403509
 0.11420205 0.1143695  0.11453744 0.11470588 0.11487482 0.11504425
 0.11521418 0.11538462 0.11555556 0.115727   0.11589896 0.11607143
 0.11624441 0.11641791 0.11659193 0.11676647 0.11694153 0.11711712
 0.11729323 0.11746988 0.11764706 0.11782477 0.11800303 0.11818182
 0.11836115 0.11854103 0.11872146 0.11890244 0.11908397 0.11926606
 0.1194487  0.1196319  0.11981567 0.12       0.1201849  0.12037037
 0.12055641 0.12074303 0.12093023 0.12111801 0.12130638 0.12149533
 0.12168487 0.121875   0.12206573 0.12225705 0.12244898 0.12264151
 0.12283465 0.12302839 0.12322275 0.12341772 0.12361331 0.12380952
 0.12400636 0.12420382 0.12440191 0.12460064 0.1248     0.125
 0.12520064 0.12540193 0.12560386 0.12580645 0.12600969 0.12621359
 0.12641815 0.12662338 0.12682927 0.12703583 0.12724307 0.12745098
 0.12765957 0.12622951 0.12643678 0.12664474 0.12685338 0.12706271
 0.12727273 0.12748344 0.12769486 0.12790698 0.1281198  0.12833333
 0.12854758 0.12876254 0.12897822 0.12919463 0.12941176 0.12962963
 0.12984823 0.13006757 0.13028765 0.13050847 0.13073005 0.13095238
 0.13117547 0.13139932 0.13162393 0.13184932 0.13207547 0.13230241
 0.13253012 0.13275862 0.13298791 0.13321799 0.13344887 0.13368056
 0.13391304 0.13414634 0.13438045 0.13461538 0.13485114 0.13508772
 0.13532513 0.13556338 0.13580247 0.1360424  0.13628319 0.13652482
 0.13676732 0.13701068 0.1372549  0.1375     0.13774597 0.13799283
 0.13824057 0.13848921 0.13873874 0.13898917 0.13924051 0.13949275
 0.13974592 0.14       0.14025501 0.14051095 0.14076782 0.14102564
 0.1412844  0.14154412 0.14180479 0.14206642 0.14232902 0.14259259
 0.14285714 0.14312268 0.1433892  0.14365672 0.14392523 0.14419476
 0.14446529 0.14473684 0.14500942 0.14528302 0.14555766 0.14583333
 0.14611006 0.14638783 0.14666667 0.14694656 0.14722753 0.14750958
 0.14779271 0.14807692 0.14836224 0.14864865 0.14700193 0.14728682
 0.14757282 0.14785992 0.14814815 0.1484375  0.14872798 0.14901961
 0.14931238 0.1496063  0.14990138 0.15019763 0.15049505 0.15079365
 0.15109344 0.15139442 0.15169661 0.152      0.15230461 0.15261044
 0.15291751 0.15322581 0.15353535 0.15384615 0.15415822 0.15447154
 0.15478615 0.15510204 0.15541922 0.1557377  0.15605749 0.15432099
 0.15463918 0.15495868 0.1552795  0.15560166 0.15592516 0.15625
 0.1565762  0.15690377 0.1572327  0.15756303 0.15789474 0.15822785
 0.15856237 0.15889831 0.15923567 0.15957447 0.15991471 0.16025641
 0.16059957 0.16094421 0.16129032 0.16163793 0.16198704 0.16233766
 0.1626898  0.16304348 0.16339869 0.16375546 0.16411379 0.16447368
 0.16483516 0.16519824 0.16556291 0.1659292  0.16629712 0.16666667
 0.16703786 0.16741071 0.16778523 0.16816143 0.16853933 0.16891892
 0.16930023 0.16968326 0.17006803 0.17045455 0.17084282 0.17123288
 0.17162471 0.17201835 0.17241379 0.17281106 0.17321016 0.17361111
 0.17401392 0.1744186  0.17482517 0.17523364 0.17564403 0.17605634
 0.17647059 0.17688679 0.17730496 0.17535545 0.17577197 0.17619048
 0.17661098 0.17703349 0.17745803 0.17788462 0.17831325 0.17874396
 0.17917676 0.17961165 0.18004866 0.1804878  0.1809291  0.18137255
 0.18181818 0.18226601 0.18271605 0.18316832 0.18362283 0.1840796
 0.18453865 0.185      0.18546366 0.18592965 0.18639798 0.18686869
 0.18734177 0.18781726 0.18829517 0.18877551 0.18925831 0.18974359
 0.19023136 0.19072165 0.19121447 0.19170984 0.19220779 0.19270833
 0.19321149 0.19371728 0.19422572 0.19473684 0.19525066 0.1957672
 0.19628647 0.19680851 0.19733333 0.19786096 0.19839142 0.19892473
 0.19946092 0.2        0.20054201 0.20108696 0.20163488 0.20218579
 0.20273973 0.2032967  0.20385675 0.20441989 0.20498615 0.20555556
 0.20612813 0.20670391 0.20728291 0.20786517 0.2084507  0.20903955
 0.20963173 0.21022727 0.21082621 0.21142857 0.21203438 0.21264368
 0.21325648 0.21387283 0.21449275 0.21511628 0.21574344 0.21637427
 0.2170088  0.21764706 0.21828909 0.21893491 0.21958457 0.2202381
 0.22089552 0.22155689 0.22222222 0.22289157 0.22356495 0.22424242
 0.22492401 0.22560976 0.22629969 0.22699387 0.22769231 0.22839506
 0.22910217 0.22981366 0.2305296  0.23125    0.23197492 0.2327044
 0.23343849 0.23417722 0.23174603 0.23248408 0.23322684 0.23397436
 0.23472669 0.23548387 0.23624595 0.23701299 0.23778502 0.23856209
 0.23934426 0.24013158 0.24092409 0.24172185 0.24252492 0.24333333
 0.24414716 0.24496644 0.24579125 0.24662162 0.24745763 0.24829932
 0.24914676 0.25       0.25085911 0.25172414 0.25259516 0.25347222
 0.2543554  0.25524476 0.25614035 0.25704225 0.25795053 0.25886525
 0.25978648 0.26071429 0.26164875 0.26258993 0.26353791 0.26449275
 0.26545455 0.26642336 0.26739927 0.26838235 0.26937269 0.27037037
 0.27137546 0.27238806 0.27340824 0.27443609 0.2754717  0.27651515
 0.27756654 0.27862595 0.27969349 0.28076923 0.28185328 0.27906977
 0.28015564 0.28125    0.28235294 0.28346457 0.28458498 0.28571429
 0.28685259 0.288      0.28915663 0.29032258 0.29149798 0.29268293
 0.29387755 0.29508197 0.2962963  0.29752066 0.29875519 0.3
 0.30125523 0.30252101 0.30379747 0.30508475 0.30638298 0.30769231
 0.30901288 0.31034483 0.31168831 0.31304348 0.31441048 0.31578947
 0.31718062 0.31858407 0.32       0.32142857 0.32286996 0.32432432
 0.32579186 0.32727273 0.32876712 0.33027523 0.33179724 0.33333333
 0.33488372 0.3364486  0.33802817 0.33962264 0.34123223 0.34285714
 0.34449761 0.34615385 0.34782609 0.34951456 0.35121951 0.35294118
 0.3546798  0.35643564 0.35820896 0.36       0.36180905 0.36363636
 0.36548223 0.36734694 0.36923077 0.37113402 0.37305699 0.375
 0.37696335 0.37894737 0.38095238 0.37765957 0.37967914 0.38172043
 0.38378378 0.38586957 0.38797814 0.39010989 0.38674033 0.38888889
 0.39106145 0.39325843 0.39548023 0.39772727 0.4        0.40229885
 0.39884393 0.40116279 0.40350877 0.40588235 0.40828402 0.41071429
 0.41317365 0.41566265 0.41818182 0.42073171 0.41717791 0.41975309
 0.42236025 0.41875    0.42138365 0.42405063 0.42675159 0.42948718
 0.43225806 0.43506494 0.4379085  0.44078947 0.44370861 0.44666667
 0.44966443 0.4527027  0.45578231 0.45890411 0.46206897 0.46527778
 0.46153846 0.46478873 0.46808511 0.47142857 0.47482014 0.47826087
 0.48175182 0.48529412 0.48888889 0.49253731 0.4962406  0.5
 0.50381679 0.50769231 0.51162791 0.515625   0.51968504 0.52380952
 0.52       0.52419355 0.52845528 0.53278689 0.53719008 0.54166667
 0.54621849 0.55084746 0.55555556 0.56034483 0.56521739 0.57017544
 0.57522124 0.58035714 0.58558559 0.59090909 0.59633028 0.60185185
 0.59813084 0.59433962 0.59047619 0.59615385 0.60194175 0.60784314
 0.61386139 0.62       0.62626263 0.63265306 0.63917526 0.64583333
 0.65263158 0.65957447 0.66666667 0.67391304 0.68131868 0.68888889
 0.69662921 0.70454545 0.71264368 0.72093023 0.72941176 0.73809524
 0.74698795 0.75609756 0.7654321  0.775      0.7721519  0.78205128
 0.79220779 0.80263158 0.81333333 0.82432432 0.83561644 0.84722222
 0.85915493 0.87142857 0.88405797 0.89705882 0.91044776 0.92424242
 0.93846154 0.953125   0.96825397 0.96774194 0.98360656 1.
 1.         1.         1.         1.         1.         1.
 1.         1.         1.         1.         1.         1.
 1.         1.         1.         1.         1.         1.
 1.         1.         1.         1.         1.         1.
 1.         1.         1.         1.         1.         1.
 1.         1.         1.         1.         1.         1.
 1.         1.         1.         1.         1.         1.
 1.         1.         1.         1.         1.         1.
 1.         1.         1.         1.         1.         1.
 1.         1.         1.         1.         1.         1.        ]

Recall:
 [1.         1.         1.         1.         1.         1.
 1.         1.         1.         1.         1.         1.
 1.         1.         1.         1.         1.         1.
 1.         1.         1.         1.         1.         1.
 1.         1.         1.         1.         1.         1.
 1.         1.         1.         1.         1.         1.
 1.         1.         1.         1.         1.         1.
 1.         1.         1.         1.         1.         1.
 1.         1.         1.         1.         1.         1.
 1.         1.         1.         1.         1.         1.
 1.         1.         1.         1.         1.         1.
 1.         1.         1.         1.         1.         1.
 1.         1.         1.         1.         1.         1.
 1.         1.         1.         1.         1.         1.
 1.         1.         1.         1.         1.         1.
 1.         1.         1.         1.         1.         1.
 1.         1.         1.         1.         1.         1.
 1.         1.         1.         1.         1.         1.
 1.         1.         1.         1.         1.         1.
 1.         1.         1.         1.         1.         1.
 1.         1.         1.         1.         1.         1.
 1.         1.         1.         1.         1.         1.
 1.         1.         1.         1.         1.         1.
 1.         1.         1.         1.         1.         1.
 1.         1.         1.         1.         1.         1.
 1.         1.         1.         1.         1.         1.
 1.         1.         1.         1.         1.         1.
 1.         1.         1.         1.         1.         1.
 1.         1.         1.         1.         1.         1.
 1.         1.         1.         1.         1.         1.
 1.         1.         1.         1.         1.         1.
 1.         1.         1.         1.         1.         1.
 1.         1.         1.         1.         1.         1.
 1.         1.         1.         1.         1.         1.
 1.         0.98717949 0.98717949 0.98717949 0.98717949 0.98717949
 0.98717949 0.98717949 0.98717949 0.98717949 0.98717949 0.98717949
 0.98717949 0.98717949 0.98717949 0.98717949 0.98717949 0.98717949
 0.98717949 0.98717949 0.98717949 0.98717949 0.98717949 0.98717949
 0.98717949 0.98717949 0.98717949 0.98717949 0.98717949 0.98717949
 0.98717949 0.98717949 0.98717949 0.98717949 0.98717949 0.98717949
 0.98717949 0.98717949 0.98717949 0.98717949 0.98717949 0.98717949
 0.98717949 0.98717949 0.98717949 0.98717949 0.98717949 0.98717949
 0.98717949 0.98717949 0.98717949 0.98717949 0.98717949 0.98717949
 0.98717949 0.98717949 0.98717949 0.98717949 0.98717949 0.98717949
 0.98717949 0.98717949 0.98717949 0.98717949 0.98717949 0.98717949
 0.98717949 0.98717949 0.98717949 0.98717949 0.98717949 0.98717949
 0.98717949 0.98717949 0.98717949 0.98717949 0.98717949 0.98717949
 0.98717949 0.98717949 0.98717949 0.98717949 0.98717949 0.98717949
 0.98717949 0.98717949 0.98717949 0.98717949 0.98717949 0.98717949
 0.98717949 0.98717949 0.98717949 0.98717949 0.97435897 0.97435897
 0.97435897 0.97435897 0.97435897 0.97435897 0.97435897 0.97435897
 0.97435897 0.97435897 0.97435897 0.97435897 0.97435897 0.97435897
 0.97435897 0.97435897 0.97435897 0.97435897 0.97435897 0.97435897
 0.97435897 0.97435897 0.97435897 0.97435897 0.97435897 0.97435897
 0.97435897 0.97435897 0.97435897 0.97435897 0.97435897 0.96153846
 0.96153846 0.96153846 0.96153846 0.96153846 0.96153846 0.96153846
 0.96153846 0.96153846 0.96153846 0.96153846 0.96153846 0.96153846
 0.96153846 0.96153846 0.96153846 0.96153846 0.96153846 0.96153846
 0.96153846 0.96153846 0.96153846 0.96153846 0.96153846 0.96153846
 0.96153846 0.96153846 0.96153846 0.96153846 0.96153846 0.96153846
 0.96153846 0.96153846 0.96153846 0.96153846 0.96153846 0.96153846
 0.96153846 0.96153846 0.96153846 0.96153846 0.96153846 0.96153846
 0.96153846 0.96153846 0.96153846 0.96153846 0.96153846 0.96153846
 0.96153846 0.96153846 0.96153846 0.96153846 0.96153846 0.96153846
 0.96153846 0.96153846 0.96153846 0.96153846 0.96153846 0.96153846
 0.96153846 0.96153846 0.96153846 0.94871795 0.94871795 0.94871795
 0.94871795 0.94871795 0.94871795 0.94871795 0.94871795 0.94871795
 0.94871795 0.94871795 0.94871795 0.94871795 0.94871795 0.94871795
 0.94871795 0.94871795 0.94871795 0.94871795 0.94871795 0.94871795
 0.94871795 0.94871795 0.94871795 0.94871795 0.94871795 0.94871795
 0.94871795 0.94871795 0.94871795 0.94871795 0.94871795 0.94871795
 0.94871795 0.94871795 0.94871795 0.94871795 0.94871795 0.94871795
 0.94871795 0.94871795 0.94871795 0.94871795 0.94871795 0.94871795
 0.94871795 0.94871795 0.94871795 0.94871795 0.94871795 0.94871795
 0.94871795 0.94871795 0.94871795 0.94871795 0.94871795 0.94871795
 0.94871795 0.94871795 0.94871795 0.94871795 0.94871795 0.94871795
 0.94871795 0.94871795 0.94871795 0.94871795 0.94871795 0.94871795
 0.94871795 0.94871795 0.94871795 0.94871795 0.94871795 0.94871795
 0.94871795 0.94871795 0.94871795 0.94871795 0.94871795 0.94871795
 0.94871795 0.94871795 0.94871795 0.94871795 0.94871795 0.94871795
 0.94871795 0.94871795 0.94871795 0.94871795 0.94871795 0.94871795
 0.94871795 0.94871795 0.94871795 0.94871795 0.94871795 0.94871795
 0.94871795 0.94871795 0.94871795 0.94871795 0.94871795 0.94871795
 0.94871795 0.94871795 0.93589744 0.93589744 0.93589744 0.93589744
 0.93589744 0.93589744 0.93589744 0.93589744 0.93589744 0.93589744
 0.93589744 0.93589744 0.93589744 0.93589744 0.93589744 0.93589744
 0.93589744 0.93589744 0.93589744 0.93589744 0.93589744 0.93589744
 0.93589744 0.93589744 0.93589744 0.93589744 0.93589744 0.93589744
 0.93589744 0.93589744 0.93589744 0.93589744 0.93589744 0.93589744
 0.93589744 0.93589744 0.93589744 0.93589744 0.93589744 0.93589744
 0.93589744 0.93589744 0.93589744 0.93589744 0.93589744 0.93589744
 0.93589744 0.93589744 0.93589744 0.93589744 0.93589744 0.93589744
 0.93589744 0.93589744 0.93589744 0.93589744 0.93589744 0.92307692
 0.92307692 0.92307692 0.92307692 0.92307692 0.92307692 0.92307692
 0.92307692 0.92307692 0.92307692 0.92307692 0.92307692 0.92307692
 0.92307692 0.92307692 0.92307692 0.92307692 0.92307692 0.92307692
 0.92307692 0.92307692 0.92307692 0.92307692 0.92307692 0.92307692
 0.92307692 0.92307692 0.92307692 0.92307692 0.92307692 0.92307692
 0.92307692 0.92307692 0.92307692 0.92307692 0.92307692 0.92307692
 0.92307692 0.92307692 0.92307692 0.92307692 0.92307692 0.92307692
 0.92307692 0.92307692 0.92307692 0.92307692 0.92307692 0.92307692
 0.92307692 0.92307692 0.92307692 0.92307692 0.92307692 0.92307692
 0.92307692 0.92307692 0.92307692 0.92307692 0.92307692 0.92307692
 0.92307692 0.92307692 0.92307692 0.92307692 0.92307692 0.92307692
 0.92307692 0.92307692 0.92307692 0.91025641 0.91025641 0.91025641
 0.91025641 0.91025641 0.91025641 0.91025641 0.8974359  0.8974359
 0.8974359  0.8974359  0.8974359  0.8974359  0.8974359  0.8974359
 0.88461538 0.88461538 0.88461538 0.88461538 0.88461538 0.88461538
 0.88461538 0.88461538 0.88461538 0.88461538 0.87179487 0.87179487
 0.87179487 0.85897436 0.85897436 0.85897436 0.85897436 0.85897436
 0.85897436 0.85897436 0.85897436 0.85897436 0.85897436 0.85897436
 0.85897436 0.85897436 0.85897436 0.85897436 0.85897436 0.85897436
 0.84615385 0.84615385 0.84615385 0.84615385 0.84615385 0.84615385
 0.84615385 0.84615385 0.84615385 0.84615385 0.84615385 0.84615385
 0.84615385 0.84615385 0.84615385 0.84615385 0.84615385 0.84615385
 0.83333333 0.83333333 0.83333333 0.83333333 0.83333333 0.83333333
 0.83333333 0.83333333 0.83333333 0.83333333 0.83333333 0.83333333
 0.83333333 0.83333333 0.83333333 0.83333333 0.83333333 0.83333333
 0.82051282 0.80769231 0.79487179 0.79487179 0.79487179 0.79487179
 0.79487179 0.79487179 0.79487179 0.79487179 0.79487179 0.79487179
 0.79487179 0.79487179 0.79487179 0.79487179 0.79487179 0.79487179
 0.79487179 0.79487179 0.79487179 0.79487179 0.79487179 0.79487179
 0.79487179 0.79487179 0.79487179 0.79487179 0.78205128 0.78205128
 0.78205128 0.78205128 0.78205128 0.78205128 0.78205128 0.78205128
 0.78205128 0.78205128 0.78205128 0.78205128 0.78205128 0.78205128
 0.78205128 0.78205128 0.78205128 0.76923077 0.76923077 0.76923077
 0.75641026 0.74358974 0.73076923 0.71794872 0.70512821 0.69230769
 0.67948718 0.66666667 0.65384615 0.64102564 0.62820513 0.61538462
 0.6025641  0.58974359 0.57692308 0.56410256 0.55128205 0.53846154
 0.52564103 0.51282051 0.5        0.48717949 0.47435897 0.46153846
 0.44871795 0.43589744 0.42307692 0.41025641 0.3974359  0.38461538
 0.37179487 0.35897436 0.34615385 0.33333333 0.32051282 0.30769231
 0.29487179 0.28205128 0.26923077 0.25641026 0.24358974 0.23076923
 0.21794872 0.20512821 0.19230769 0.17948718 0.16666667 0.15384615
 0.14102564 0.12820513 0.11538462 0.1025641  0.08974359 0.07692308
 0.06410256 0.05128205 0.03846154 0.02564103 0.01282051 0.        ]


Average Precision Scores

{'block': 0.9155208946093999,
 'flicker': 0.5866166247763965,
 'freeze': 0.3356803293111978,
 'freeze_skip': 0.3059837993465002,
 'split_horizontal': 0.867548946697728}
