
Episode 0
block

AUC:
 0.9987183279108744

FPR:
 [0.         0.         0.         0.00566893 0.00566893 0.01360544
 0.01360544 0.01927438 0.01927438 0.02267574 0.02267574 0.05782313
 0.05782313 0.13265306 0.13265306 1.        ]

TPR:
 [0.         0.00483092 0.96618357 0.96618357 0.97101449 0.97101449
 0.98067633 0.98067633 0.98550725 0.98550725 0.99033816 0.99033816
 0.99516908 0.99516908 1.         1.        ]

Episode 1
flicker

AUC:
 0.49603174603174605

FPR:
 [0. 0. 0. 0. 0. 0. 0. 0. 0. 1. 1.]

TPR:
 [0.         0.00396825 0.15873016 0.16666667 0.17063492 0.17857143
 0.34126984 0.34920635 0.49603175 0.49603175 1.        ]

Episode 2
freeze

AUC:
 0.047176854504934716

FPR:
 [0.00000000e+00 9.55109838e-04 5.44412607e-02 5.44412607e-02
 8.02292264e-02 8.02292264e-02 1.00286533e-01 1.00286533e-01
 1.21298949e-01 1.21298949e-01 1.22254059e-01 1.22254059e-01
 1.24164279e-01 1.24164279e-01 1.30850048e-01 1.30850048e-01
 1.37535817e-01 1.37535817e-01 1.47086915e-01 1.47086915e-01
 1.61413563e-01 1.61413563e-01 1.69054441e-01 1.69054441e-01
 1.73829990e-01 1.73829990e-01 1.80515759e-01 1.80515759e-01
 1.85291309e-01 1.85291309e-01 1.97707736e-01 1.97707736e-01
 2.28271251e-01 2.28271251e-01 2.75071633e-01 2.75071633e-01
 2.76026743e-01 2.76026743e-01 3.10410697e-01 3.10410697e-01
 3.23782235e-01 3.23782235e-01 3.24737345e-01 3.24737345e-01
 3.37153773e-01 3.37153773e-01 3.38108883e-01 3.38108883e-01
 3.54345750e-01 3.54345750e-01 3.76313276e-01 3.76313276e-01
 3.77268386e-01 3.77268386e-01 4.03056351e-01 4.03056351e-01
 5.25310411e-01 5.25310411e-01 5.62559694e-01 5.62559694e-01
 5.71155683e-01 5.71155683e-01 5.91212989e-01 5.93123209e-01
 5.94078319e-01 5.94078319e-01 6.01719198e-01 6.01719198e-01
 6.57115568e-01 6.57115568e-01 6.79083095e-01 6.79083095e-01
 7.13467049e-01 7.13467049e-01 7.25883477e-01 7.25883477e-01
 7.31614136e-01 7.31614136e-01 7.66953200e-01 7.66953200e-01
 7.72683859e-01 7.72683859e-01 7.85100287e-01 7.85100287e-01
 8.18529131e-01 8.18529131e-01 8.23304680e-01 8.23304680e-01
 8.27125119e-01 8.27125119e-01 8.50047755e-01 8.50047755e-01
 8.53868195e-01 8.53868195e-01 8.73925501e-01 8.73925501e-01
 9.44603629e-01 9.44603629e-01 9.46513849e-01 9.46513849e-01
 9.59885387e-01 9.59885387e-01 9.65616046e-01 9.65616046e-01
 9.70391595e-01 9.70391595e-01 9.77077364e-01 9.77077364e-01
 9.80897803e-01 9.80897803e-01 9.95224451e-01 1.00000000e+00]

TPR:
 [0.         0.         0.         0.00166667 0.00166667 0.00333333
 0.00333333 0.005      0.005      0.00666667 0.00666667 0.00833333
 0.00833333 0.01       0.01       0.01166667 0.01166667 0.01333333
 0.01333333 0.015      0.015      0.01666667 0.01666667 0.01833333
 0.01833333 0.02       0.02       0.02166667 0.02166667 0.02333333
 0.02333333 0.025      0.025      0.02666667 0.02666667 0.02833333
 0.02833333 0.03       0.03       0.03166667 0.03166667 0.03333333
 0.03333333 0.035      0.035      0.03666667 0.03666667 0.03833333
 0.03833333 0.04       0.04       0.04166667 0.04166667 0.04333333
 0.04333333 0.045      0.045      0.04666667 0.04666667 0.04833333
 0.04833333 0.05       0.05       0.05       0.05       0.05166667
 0.05166667 0.05333333 0.05333333 0.055      0.055      0.05833333
 0.05833333 0.06       0.06       0.06166667 0.06166667 0.06333333
 0.06333333 0.065      0.065      0.06666667 0.06666667 0.06833333
 0.06833333 0.07       0.07       0.07166667 0.07166667 0.075
 0.075      0.07666667 0.07666667 0.07833333 0.07833333 0.08
 0.08       0.08166667 0.08166667 0.08333333 0.08333333 0.085
 0.085      0.08666667 0.08666667 0.08833333 0.08833333 0.09
 0.09       0.09166667 0.09166667 1.        ]

Episode 3
freeze_skip

AUC:
 0.11278177388758893

FPR:
 [0.00000000e+00 0.00000000e+00 0.00000000e+00 9.53288847e-04
 9.53288847e-04 1.90657769e-03 1.90657769e-03 2.85986654e-03
 2.85986654e-03 4.76644423e-03 4.76644423e-03 6.67302193e-03
 6.67302193e-03 8.57959962e-03 8.57959962e-03 1.23927550e-02
 1.23927550e-02 1.52526215e-02 1.52526215e-02 1.90657769e-02
 1.90657769e-02 2.09723546e-02 2.09723546e-02 2.57387989e-02
 2.57387989e-02 5.14775977e-02 5.14775977e-02 5.33841754e-02
 5.33841754e-02 1.53479504e-01 1.53479504e-01 9.89513823e-01
 9.89513823e-01 9.99046711e-01 1.00000000e+00]

TPR:
 [0.         0.00252525 0.00505051 0.00505051 0.03535354 0.03535354
 0.05050505 0.05050505 0.06565657 0.06565657 0.06818182 0.06818182
 0.07070707 0.07070707 0.07575758 0.07575758 0.08838384 0.08838384
 0.09848485 0.09848485 0.1010101  0.1010101  0.10353535 0.10353535
 0.10606061 0.10606061 0.10858586 0.10858586 0.11111111 0.11111111
 0.11363636 0.11363636 0.11616162 0.11616162 1.        ]

Episode 4
split_horizontal

AUC:
 0.9967166979362101

FPR:
 [0.         0.         0.         0.00271003 0.00271003 0.00677507
 0.00677507 0.00813008 0.00813008 0.00948509 0.00948509 0.01219512
 0.01219512 0.01355014 0.01355014 0.01761518 0.01761518 0.01897019
 0.01897019 0.04742547 0.04742547 0.06910569 0.06910569 0.99728997
 1.        ]

TPR:
 [0.         0.01282051 0.80769231 0.80769231 0.83333333 0.83333333
 0.84615385 0.84615385 0.87179487 0.87179487 0.8974359  0.8974359
 0.92307692 0.92307692 0.93589744 0.93589744 0.96153846 0.96153846
 0.97435897 0.97435897 0.98717949 0.98717949 1.         1.
 1.        ]


AUCs

{'block': 0.9987183279108744,
 'flicker': 0.49603174603174605,
 'freeze': 0.047176854504934716,
 'freeze_skip': 0.11278177388758893,
 'split_horizontal': 0.9967166979362101}
